# Created by Octave 5.2.0, Sun Dec 06 20:17:22 2020 EST <guuto@guuto-Inspiron-7577>
# name: measurementData
# type: matrix
# rows: 20
# columns: 2
 -18.411613826979128 15.423322618609472
 2.2568926820489468 -2.0798947071807765
 -34.361007546434337 15.538249632838589
 -25.885612134846685 11.41892637475706
 5.8132456060227824 -29.44804087707027
 -15.689612315565666 1.9168861899760841
 -2.821743076924939 8.4367438165009379
 -16.209702487761774 11.882896316130951
 -24.426239548369278 6.2053002954694385
 -33.045287520707369 0.073479643761988456
 -54.398723907579409 -13.601868762511108
 -57.320488889705253 -5.14294708791203
 -40.655981957979407 -8.402439453250711
 -72.232121781715819 -15.217042499827976
 -63.267118421171645 -13.170323660348803
 -72.83286402764908 -7.9520078362232223
 -81.807834291309732 -7.7850340564499616
 -76.335336811402627 -31.179178463099774
 -89.15644277413341 -8.3643453450407748
 -108.13559819564608 -0.86993973594613161


