# Created by Octave 5.2.0, Sun Dec 06 20:17:22 2020 EST <guuto@guuto-Inspiron-7577>
# name: groundTruth
# type: matrix
# rows: 21
# columns: 2
 -0.054344310218835526 -1.2179637588395054
 0.74137687336346603 -0.60636633763224912
 1.1851448097939579 -2.2621071247080038
 -0.22512854427193174 -2.3806557695199082
 -4.3590843267366308 -4.9734771000363933
 -10.114985553210282 -4.8869955296887442
 -14.573011868320881 -3.4129360078975028
 -16.565248754899859 -3.0777498017522897
 -20.911677819127604 -3.7362328262706241
 -25.590591262520828 -4.8559697796589809
 -32.637022113836821 -5.7210635569196349
 -38.758108346060006 -5.2609356289886104
 -43.576174637500273 -5.4400458361084425
 -49.489943729465423 -7.6711692682677395
 -58.633455321608928 -7.5171524386428512
 -63.695841327579245 -6.3191630636207599
 -71.054145289783833 -6.7227491443135117
 -78.267937588408557 -6.1127287015629479
 -84.67847547370603 -7.4798700852947206
 -92.006592669951743 -4.975975847005941
 -96.071629569932881 -2.2314761063552164


