# Created by Octave 5.2.0, Thu Dec 24 21:33:21 2020 EST <guuto@guuto-Inspiron-7577>
# name: groundTruth
# type: matrix
# rows: 101
# columns: 4
 1.9880184873251137 -0.54410591673858655 -1.2455950528946333 -0.29684204509243878
 -0.07304461409363372 -1.0070891387900369 -2.8765311130004587 -0.62912439236057593
 -2.0999165174341123 -1.568027087308554 -1.1772125788967092 -0.49275161140560264
 -3.1082132906172308 -3.5174303601540746 -0.83938080967315742 -3.4060549777058449
 -2.5298692357094965 -8.1615734608752586 1.9960688918443787 -5.882231283371036
 0.95065852605712142 -14.759459468103469 4.9649866037153405 -7.3135407212003845
 6.6645895212419184 -21.158462571428423 6.4628754166137199 -5.4844654955225058
 12.025921889378518 -27.418107979765015 4.2597892344328407 -7.0348253000665242
 16.110616401462508 -34.20259684469994 3.9095998820621696 -6.5341525476800557
 21.582256190462822 -41.266772867228227 7.0336798006745163 -7.5941994148700926
 30.00762795689959 -48.223920574190331 9.8170636356592738 -6.3200960087926648
 40.959825324791744 -54.945814457739068 12.087331003774343 -7.1236917417202363
 54.452139048640383 -62.532235328596187 14.89729632109624 -8.0491500624290566
 68.642151718491817 -69.616906893191455 13.48272904616271 -6.1201930464342365
 82.066121137811763 -75.796389909381375 13.365209848419056 -6.2387729989218883
 96.711801290497036 -82.596441546441625 15.926150447800266 -7.3613304328128777
 111.09510827616079 -88.880899713213793 12.840463465278221 -5.2075859549393222
 123.85863346597205 -95.160897416698532 12.686586866458045 -7.3524093510503672
 135.94136097079229 -102.52338125637939 11.478868085683125 -7.3725582870907482
 147.40591375396511 -109.99459128682643 11.450237588652998 -7.5698619200415971
 159.0625053820813 -117.262630135485 11.862945557655703 -6.9662159666025891
 171.99841289433269 -124.10259776694168 14.008869488040734 -6.7137191167367014
 187.29539923766438 -129.72625879629328 16.585103226609174 -4.5336027490239754
 203.60341423596378 -133.76993888478114 16.030926823117024 -3.5537572793660521
 218.97096005332702 -138.16794100594385 14.704164944056403 -5.2422469506090934
 234.70755355623848 -143.08264215116515 16.769021978267631 -4.5871553260801745
 253.56152747380858 -147.35100088495946 20.938925950980085 -3.9495622206986769
 273.81403613510668 -149.68379957339698 19.566091393807021 -0.71603524068588076
 291.06067278498921 -150.10619290255943 14.927181853041898 -0.12875138796743557
 306.80230450894021 -151.69020914720784 16.556081446364356 -3.0392810468450318
 324.13094676793082 -154.94441607877749 18.101203083385574 -3.4691327782018306
 341.02833604497533 -157.44475749206273 15.693575292357094 -1.5315500775782707
 354.74750785477363 -159.75506207035167 11.74476854350659 -3.0890592257911953
 369.24440582109054 -162.84405626369681 17.249027380660902 -3.088929194729285
 386.10840253080727 -165.76404503037224 16.478966005084079 -2.7510485149140296
 403.20322287284807 -168.47108507805819 17.710674635679457 -2.6630316483280323
 419.70760408875452 -169.58865992158988 15.298087687318155 0.42788195972935394
 434.35290895997878 -168.40567151986508 13.992521874624652 1.9380948653858896
 450.0533939890604 -166.60429529466776 17.408448249786229 1.6646574446206839
 466.14053201563092 -165.32575664612642 14.765827734884782 0.89241984950579578
 482.74664978611685 -165.50767405848654 18.446407859348003 -1.2562545894622934
 500.34050781732026 -166.88112631793609 16.741308312143797 -1.4906499026614992
 516.66028509059333 -168.75300740214141 15.898246276516065 -2.2531121829233425
 533.04025390397624 -172.09597168621838 16.861691517604065 -4.4328163909868898
 550.57618226295688 -177.14712806940096 18.210165171168004 -5.6694964113204724
 567.31710927249628 -182.41686772157735 15.271688823557538 -4.8699828654113348
 582.6451203882508 -186.86947432385745 15.3843333505648 -4.035230470150319
 598.30006195041335 -189.55365564503543 15.925549814990921 -1.3331320702150453
 612.84311015319247 -190.26817887781425 13.160546551876902 -0.095914221196541583
 625.95987690652203 -191.62104910770051 13.072987015703442 -2.6098262405751207
 638.86037568598022 -195.80277695290002 12.728010556547805 -5.7536295776684252
 651.34136804747413 -200.71583068241119 12.23397420891459 -4.0724779707301062
 664.22495089214783 -204.9554629334524 13.533191513887065 -4.4067866205437252
 678.36729102579636 -209.37198263937609 14.751488880317323 -4.4262528530687888
 694.21955182777538 -212.99774595498889 16.95303266242793 -2.8252737480718442
 710.9582365984777 -215.94010878177025 16.524336852701399 -3.0594520094796138
 727.29202139079791 -219.4082967422562 16.143232774390462 -3.8769240304581691
 742.84967784493244 -224.66486196801523 14.972080203263179 -6.6362064900638993
 759.11346842315493 -230.69883082316596 17.555500901902278 -5.4317310489572428
 778.14635539674418 -235.77881663747982 20.510273052511721 -4.7282405075170999
 798.25628992889131 -240.82000110557055 19.709596044696919 -5.3541282292319679
 818.11704688616862 -245.96664585622722 20.011917782910448 -4.939161308391868
 837.91929911244961 -249.46790596034521 19.592586656105251 -2.063358773684465
 856.71415375878928 -251.61378503701457 17.997122722065821 -2.2283992784245243
 873.92940902681642 -252.28751991571593 16.433387860857327 0.88092957385023274
 889.57924306259395 -249.92570053666216 14.866280120962077 3.8427091707912648
 904.33906414280136 -244.69905778386851 14.653362170545197 6.6105763261859298
 919.28965620989572 -239.6646544754874 15.247822173453535 3.45823025627115
 933.93159679652558 -236.20379584029308 14.036059073376506 3.4634870450055533
 948.9166329424437 -233.68551192244522 15.934013126136431 1.5730808465159065
 965.62293683796884 -231.8209615365536 17.478594688329256 2.1560198449623131
 982.21084623935678 -229.97178321495184 15.697224101175436 1.5423368464863905
 997.45464088064932 -227.847318208839 14.79036511282224 2.7065931322684529
 1012.1037283448966 -224.99044470878951 14.507809804832833 3.0071537961548143
 1027.7951743669953 -222.74834005178477 16.875082161456927 1.4770553573238285
 1044.8794071937282 -220.84850890830279 17.293383522519989 2.3226069983896696
 1062.02832347914 -218.79362978272965 17.004449081717155 1.7871512216184944
 1077.4114047710393 -217.04638093603998 13.76171348991064 1.7073465403835562
 1091.0348954927015 -214.57765894755485 13.485268034736672 3.2300973634051782
 1105.1230201707153 -213.12858151294915 14.690981191618555 -0.33194243034523607
 1121.0574861893492 -212.92090818965747 17.177950918289881 0.74728900054072467
 1137.7296033210139 -212.7234177665494 16.166283300128814 -0.35230800050697098
 1155.2291235594075 -212.26026628481975 18.832757247914298 1.2786111074400186
 1174.4374457064316 -213.06226542870107 19.583886966916499 -2.8826094548710488
 1194.218707679199 -215.80405351109272 19.978637036378434 -2.6009666320816289
 1214.3922279070352 -218.7514093539146 20.368403369429242 -3.2937450612580306
 1234.5285726961492 -223.44382359607559 19.904286164384462 -6.0910833054701481
 1255.1249027567831 -228.59026122246098 21.288374075897167 -4.2017919684407428
 1276.5028075813825 -232.323152430638 21.467435592970226 -3.2639904581768291
 1297.1083860541316 -235.90198677779352 19.743721195471178 -3.8936781730764753
 1318.1322800150422 -240.22250583882976 22.304066836536638 -4.7473599024870143
 1340.0011245239041 -246.07679265992385 21.433622157804287 -6.9612136166113441
 1362.6649089550237 -254.42087163896034 23.893946677838123 -9.7269444915466448
 1386.944107386963 -263.34731909229737 24.664450118833177 -8.1259504958784134
 1411.703525431968 -274.62678345061573 24.854385932920017 -14.432978282201283
 1438.2438212667751 -289.31903746405766 28.226205747223062 -14.951529748277979
 1464.038956594607 -303.20417325328367 23.364064783233424 -12.818741726358237
 1488.3278970019328 -314.62899245958926 25.213816111258339 -10.030896653042049
 1513.63581641372 -326.91080054520364 25.402022575315453 -14.532719428861391
