# Created by Octave 5.2.0, Thu Dec 24 21:33:21 2020 EST <guuto@guuto-Inspiron-7577>
# name: measurementData
# type: matrix
# rows: 100
# columns: 2
 8.545229746206342 -8.5846575211945151
 5.7704421319183812 5.9044062465796348
 -6.5945159737723378 -7.6680405703330257
 -12.659193699125241 -7.4437726012922862
 -2.951581899097163 -14.542683106383206
 8.743519045139605 -19.212534134715604
 11.580598365471829 -30.417216345100822
 18.554272701438119 -35.834641784977194
 20.349385868626285 -39.207802975766555
 35.207438029655982 -49.430946956539131
 46.262393565223675 -56.085910158371888
 51.614141090087166 -61.231894816773107
 66.015925436202693 -70.541944673631832
 85.946235316473633 -76.435050445112438
 97.167407519408712 -86.866564650380411
 116.32091697682321 -87.950223698563917
 118.939381731916 -92.944986234516193
 131.84094913578429 -101.35169250062458
 147.95273090387914 -115.30829993249785
 160.10370594613829 -116.64911931613668
 176.14628752789201 -122.51809515027674
 192.9531453317646 -130.27165275551263
 209.37389864106649 -133.91677774293476
 222.78236488330725 -131.81480274362957
 236.0260092682465 -137.9233232597384
 253.57406440232364 -153.46452723684271
 267.82835237391697 -147.42785398833874
 294.5620669915856 -149.63221509341062
 311.35188420790689 -145.28331992019392
 316.53338719532297 -154.95596566175101
 338.43764698078172 -156.33987701794774
 357.30040160438995 -161.75491994806995
 369.69309111189125 -164.6027476878684
 390.23765151444508 -158.88877857478164
 408.01304670828063 -164.25037523690142
 420.01035774770941 -171.03670023147743
 435.66473094813216 -168.96465523065842
 447.80539765197392 -164.56447826596121
 466.24276826258989 -164.20493170337079
 485.31004901291215 -165.19505193578303
 503.90257392473615 -167.52520556122158
 518.6756062758684 -165.09136569485273
 531.01478996424703 -171.16112897561948
 547.06053939392689 -178.06954618198074
 574.22862245823535 -186.00217436093726
 580.45979832910587 -184.75064480312517
 588.27910892908994 -187.04012672625748
 610.20408409564743 -188.84357286027077
 630.9484030204469 -190.79581507003246
 637.96519641608688 -196.96411526628489
 648.94531604278995 -199.85266918002068
 667.00321860397924 -196.55523731426973
 680.12689529070246 -205.08348583024721
 695.49485911288514 -212.10275490574045
 711.62675910202495 -216.7814262974573
 719.53046002838107 -225.08545049852478
 744.82149376380039 -223.83748961289365
 762.97362459836052 -231.64906449317633
 776.50211238126417 -229.48603257388277
 791.37131213962925 -247.45378246950065
 806.76388995684692 -249.01818742416819
 839.00204858139296 -247.31154227094831
 857.01072438061294 -249.82413778944098
 867.72350062654414 -245.41612780088647
 886.01786257722392 -251.77897228744951
 903.34963217250424 -248.02555792387085
 917.89928766285482 -243.497927998205
 942.67789629276444 -240.73730696402959
 949.77187536630231 -230.52619371792483
 959.23144551192934 -224.55317750092667
 976.61554279735196 -229.52323900398099
 992.49406952212928 -231.58346457459018
 1016.0974790968042 -224.40038736096193
 1033.359677052707 -224.42866295038172
 1042.8217746668088 -223.16816146792982
 1062.9305325014632 -225.74720131030637
 1081.5048880139632 -209.28611810361284
 1095.2466784387523 -209.46514897892018
 1103.1258152911885 -210.5183911319491
 1112.2339590914507 -216.54291619379271
 1137.1673036380287 -204.10786131099468
 1151.0401369090632 -213.14449933195547
 1165.7524331024131 -210.33569237162288
 1191.92714293365 -215.28054082571566
 1215.128204154378 -228.42419987222178
 1228.3414812756366 -227.14305378426403
 1252.5904136177796 -239.9346032749508
 1279.2982473455118 -228.42614509918991
 1294.7684816869796 -226.20169791077151
 1325.4237634647848 -243.80638202118539
 1342.8124210323506 -244.91439655425509
 1358.5796480873692 -262.37270190043256
 1383.1296023379639 -266.58866404154702
 1404.9088103626802 -275.8480240066545
 1433.1028280335524 -296.15013607842286
 1470.9261634691093 -300.32713469049696
 1489.2471884363144 -312.30931258327098
 1518.8280517165279 -333.1315872469097
 1541.8779391803421 -339.45147481113401
 1562.2549301418537 -346.95404683376563


