# Created by Octave 5.2.0, Thu Dec 24 22:11:01 2020 EST <guuto@guuto-Inspiron-7577>
# name: groundTruth
# type: matrix
# rows: 101
# columns: 5
 -3.4175409573773488 -0.88999840268609165 11.195984112610343 -0.017692115152290116 -0.11168878519751993
 7.7766909698847746 -1.0880687062561514 12.609005708712237 -0.12938087430300757 -0.13610566025705567
 20.280310168463746 -2.7148853556160799 14.553882504691746 -0.2654865266612097 -0.13363973360297676
 34.324296811091045 -6.5335152848913332 16.181053740493077 -0.39912625553828196 -0.15917534345547668
 49.233534200047224 -12.821689935467957 16.598467605101899 -0.55830160876599932 -0.17106322647267158
 63.311624936886112 -21.614669417671273 16.067715330314687 -0.72936483055222134 -0.16375585364360631
 75.291678570189163 -32.322133675152415 15.517566161942526 -0.89312068589276727 -0.16612316258326459
 85.020943791128289 -44.410816723779185 16.063313099727264 -1.0592438504734607 -0.16738001185332707
 92.884442710386864 -58.417793999059825 17.363497848990345 -1.2266238652473163 -0.1820710493487126
 98.743195718650711 -74.7630095360323 19.273383889720034 -1.4086949090129715 -0.1861690047359629
 101.85377397657277 -93.783725288414942 19.057079287993325 -1.594863899263405 -0.16974888175567757
 101.39516060503989 -112.83528547727938 19.552838302590612 -1.7646127793521591 -0.17031776365601622
 97.62918065745815 -132.02202259264249 18.696053127469156 -1.9349305587460044 -0.20329764629712643
 90.970760316334577 -149.4922212688638 16.911823986307251 -2.1382282053218034 -0.18767969035841559
 81.881193259956021 -163.75369248002698 16.227104540785071 -2.3259079116302961 -0.17244002908530701
 70.759623782921111 -175.57019000595486 17.441355646913216 -2.4983479386210905 -0.18861298036384966
 56.803856591212501 -186.03142558590983 16.027417443264032 -2.6869609383358495 -0.20079982604432794
 42.404459117788136 -193.0695689178404 15.404929456686906 -2.8877607803484429 -0.21112518064990596
 27.493145339489608 -196.93797598644929 14.359050513891368 -3.0988859803713353 -0.2326771452904145
 13.147187273624052 -197.55101687379118 14.308100810987357 -3.3315631471296294 -0.23065578274020257
 -0.90350802755256465 -194.84921932954836 14.747685645649728 -3.5622189497641759 -0.21100188034431006
 -14.365687823237232 -188.82726384172577 14.965016602425838 -3.7732208487721914 -0.18663932688957235
 -26.443461786541945 -179.99102607872894 15.992708082520924 -3.9598601448120854 -0.1635422933034919
 -37.374268242592954 -168.31694442768526 17.45946080471062 -4.1234024274588528 -0.17611099865543547
 -47.073323844739889 -153.79933128857198 16.420326393640643 -4.2995134400305242 -0.16343306796430476
 -53.661895967630521 -138.75879151884152 15.949545501864431 -4.4629465248811915 -0.17379426473420723
 -57.599259939088419 -123.30288110911759 15.745611605812366 -4.6367407778792398 -0.16992560636063961
 -58.789251407517447 -107.60230132092846 16.127940546484492 -4.8066663871244257 -0.17848648251399027
 -57.271002444018968 -91.54598211952846 17.26680385017066 -4.9851528640723632 -0.14521787963641322
 -52.619426252144116 -74.917531971195061 17.711917270480946 -5.1303707491263761 -0.14833403474777834
 -45.429861508670385 -58.730433048119544 18.610674525430575 -5.2787047798572972 -0.12837971590833538
 -35.444738446105568 -43.025194312147114 19.038679492903281 -5.4070845167860799 -0.10252247107147644
 -23.257097980750661 -28.398754671420214 20.139146219521056 -5.5096069636638836 -0.12864974143252883
 -8.8492493390961222 -14.327539125338118 19.710082447649015 -5.6382567210024561 -0.10772297462490452
 6.901919131773341 -2.4789931645159111 20.371360010555509 -5.7459796752262768 -0.13835250143664024
 24.403810439227204 7.9457902737626283 20.886750973761334 -5.8843321861605169 -0.14408160944826898
 43.651097751519998 16.057405241351688 20.342782482758867 -6.0284137830732121 -0.15266132334862043
 63.337233555966179 21.184281045395984 19.699453618674841 -6.1810750961670751 -0.13071104523664576
 82.934078243288852 23.192302732095111 20.356951563501351 -6.3117861221177787 -0.13106501944392751
 103.28270430755539 22.610156719019578 19.6370174906783 -6.4428511568909101 -0.15035252462747473
 122.6699480663073 19.488100370153024 19.236612731807227 -6.5932037141009907 -0.1726471096919564
 140.98951211892455 13.619468313589303 20.067695324599331 -6.7658508128226229 -0.18093904845158187
 158.76469197015015 4.3052116348209903 20.164961690345432 -6.9467898489592086 -0.15587376345068313
 174.65018697936409 -8.1156066762920549 19.142357478046968 -7.1026636007035346 -0.16910310666731659
 187.71680916573922 -22.104646485851124 19.897464426150989 -7.2717666961697907 -0.137133500556963
 198.65793344956006 -38.72393919230462 21.528914659235646 -7.4089001922557722 -0.15414018697262832
 207.92680697305985 -58.155412375878981 19.563074253824183 -7.5630403766752234 -0.14821048112586213
 213.53855409931032 -76.89633467052667 20.704207131476657 -7.7112508699534237 -0.15482457904466329
 216.48365793655427 -97.390005812327743 20.258367173836003 -7.8660754478133983 -0.11967443090130989
 216.238662977979 -117.64689151593062 19.167475258450406 -7.9857498662319868 -0.13097825175229488
 213.72030108773023 -136.64820622173724 19.18589028821448 -8.1167281048548272 -0.12123815743318669
 208.73707806055205 -155.17564195887212 19.841543376301395 -8.2379662708212393 -0.10273559778264034
 201.30408065157354 -173.57230993535376 21.30648991506088 -8.3407018704355327 -0.13476714225206801
 191.33840637256739 -192.40451238258072 20.083842649109023 -8.4754690148537009 -0.13360960679501047
 179.64468811222687 -208.73294426920629 19.336097598627543 -8.6090786371429289 -0.11686238122501527
 166.39251359538613 -222.81358844674693 17.629944841828259 -8.7259410238768407 -0.11286961141737702
 152.89518762588233 -234.15542016179577 19.180521996011208 -8.8388106271990772 -0.10541499130430231
 136.91440758331109 -244.76235627926414 20.634463000152458 -8.9442256075401509 -0.14481165345936342
 118.61700959367812 -254.30102968375107 20.670903361387204 -9.0890372662843628 -0.13092381186881527
 99.100234460731741 -261.11144326025112 21.715513873828375 -9.219961073355023 -0.15402195083308054
 77.838612966030396 -265.528115558595 20.57333001607978 -9.3739830098606856 -0.13820448770534208
 57.291818147492904 -266.57268753467895 20.319847681232105 -9.5121875130176861 -0.18545458155463665
 37.049547247159396 -264.79879964551799 21.975059226429771 -9.6976421201847796 -0.17070667946288165
 15.887499650873812 -258.87672484058402 20.13614208292794 -9.8683488114620239 -0.1740619002405592
 -2.2999658841277446 -250.23494758624474 20.255875144134777 -10.04241069614546 -0.16826895051181376
 -18.813601326730872 -238.50463115666415 19.75256715964866 -10.210679650204444 -0.16400815924904261
 -32.773740901081595 -224.53042589532529 20.42365193402178 -10.374687835091068 -0.1492262108317671
 -44.655331068155824 -207.91858150648633 21.681375232171273 -10.523914030224388 -0.12914362479972749
 -54.506608524792391 -188.60448394706228 21.598290513266434 -10.653057638067475 -0.17231410971089989
 -61.760580520130709 -168.26078605212888 22.802713704948019 -10.825371731786122 -0.17823998531806617
 -65.62294934029299 -145.78756066915665 22.556363926554472 -11.003611701379482 -0.16543755716508063
 -65.441656439378349 -123.23192531226827 21.333049750677905 -11.169049255622234 -0.14393885339153484
 -61.759439877045594 -102.21906511828253 21.518856658764154 -11.312988100609841 -0.17360545787090656
 -55.043176406556313 -81.775166346813833 18.807515550373672 -11.486593558135294 -0.18338403223800925
 -46.174963041689296 -65.189707890528567 18.395471690243077 -11.669977612681782 -0.20869217189224723
 -34.688253326598264 -50.821378901151839 18.547828496676022 -11.87866977777764 -0.23249400472961629
 -20.356207532900321 -39.04791697576816 20.443956285641455 -12.111163812358892 -0.2029996885385702
 -1.9940567220274965 -30.059771106107643 20.302619308264475 -12.31416349606862 -0.22734211217003883
