# Created by Octave 5.2.0, Thu Dec 24 22:11:01 2020 EST <guuto@guuto-Inspiron-7577>
# name: measurementData
# type: matrix
# rows: 100
# columns: 2
 -0.44719774905677823 0.46082544479375642
 -0.4379306990927922 0.4189724604895308
 -0.44200906904362636 0.38715980113074044
 -0.42975970710298228 0.32287466076738464
 -0.42016070641714626 0.28454529534030465
 -0.46195560521091694 0.2413505599105826
 -0.48565420249704017 0.19965851194063577
 -0.49128518423962436 0.13883708255329305
 -0.53053758679740015 0.080730136598776106
 -0.56786476334626779 0.02142887651856186
 -0.62053920657311645 -0.039709298519047524
 -0.66245428462067946 -0.10664613751931316
 -0.69789749356755637 -0.17841798056070676
 -0.75314577076384615 -0.21863902434729462
 -0.7857034105022761 -0.28283310297017611
 -0.83587098646233082 -0.31912377668095521
 -0.87940762619868107 -0.36668402646274656
 -0.91831350741791162 -0.41338419464229992
 -0.9440251166264978 -0.43925345932396354
 -0.99657100374639429 -0.45655780098063437
 -1.0030355851245594 -0.42760541000370872
 -1.0078870365695924 -0.42344498503518652
 -1.0124137715715971 -0.40264246438044349
 -1.0377804286109285 -0.3282142048873205
 -1.0195743030064981 -0.25640099045765147
 -1.0172045782373202 -0.15831071062843821
 -0.97460562641827364 -0.053206111887991681
 -0.92404950495503546 0.058144359917228931
 -0.86986464011433162 0.17342770644829103
 -0.79966878891817861 0.25855413935172189
 -0.72358243304428516 0.33735541123444429
 -0.62565312703574472 0.3924496794147343
 -0.54430657649478786 0.4207073994492001
 -0.45854019297265303 0.43723774256052467
 -0.38454798949854474 0.44190247633576574
 -0.33715393240418129 0.43662840140069226
 -0.29566729498429167 0.42742161683876523
 -0.25911352509253355 0.41533993977303224
 -0.25980489962676362 0.38432706945005535
 -0.25102105255031965 0.34141260682586844
 -0.24461505184464444 0.30770632955488475
 -0.258256050118925 0.2914321796833364
 -0.27403632889431356 0.23091404169573443
 -0.30804790427566792 0.20692171729150954
 -0.33375436006244424 0.16174169748194797
 -0.3719585426334161 0.1145494209605198
 -0.38365826637993916 0.063360799332975087
 -0.43097277070526779 0.0070795244418026676
 -0.48971130065061752 -0.054213718215792371
 -0.51871590982984173 -0.08211745260209502
 -0.55398236197468131 -0.14378435467984257
 -0.58786629426685932 -0.19472238788238866
 -0.64118358123715613 -0.2340738343893673
 -0.68093114080484951 -0.28460102893002415
 -0.72272961929333468 -0.31453005732596528
 -0.76392425885333359 -0.35963750795176108
 -0.79154395932808863 -0.417805923609394
 -0.8423729606218715 -0.4514413884903431
 -0.87455705854244459 -0.49835147349633852
 -0.92343167056038955 -0.54835148893349639
 -0.95671089143103183 -0.57232188066673229
 -0.99551818225158029 -0.61017516836226038
 -1.0472000440093341 -0.63019274610933351
 -1.0577312432078265 -0.64054401515764459
 -1.0800004154343275 -0.63822363309182206
 -1.0932207085614585 -0.64520735805715035
 -1.091272014403122 -0.58940622141548682
 -1.0976914590984341 -0.54394010241634105
 -1.0831157523987451 -0.46431883114488443
 -1.0715059217759526 -0.33421290452880598
 -1.0371236898470035 -0.16117717197921874
 -0.96746694659620214 -0.015841047845548097
 -0.89184679790783661 0.12315120783331528
 -0.81557208853937735 0.21826653845556185
 -0.74663649128511445 0.28215662115971307
 -0.64893508266925548 0.31766572062083487
 -0.5813218508916006 0.34386192263461274
 -0.53111461923661951 0.33506796824896051
 -0.47982788560821005 0.31645712305581014
 -0.46589783630533366 0.26956381151209319
 -0.44298210256247733 0.21919940354728379
 -0.45196139310806249 0.18696359333277635
 -0.47169302417919023 0.13169052805191431
 -0.49964665608476511 0.094232158830439006
 -0.51268069290273477 0.020521166892544736
 -0.54434366113289423 -0.02698037038618735
 -0.57197104294101386 -0.063960942514380795
 -0.61128430243996179 -0.13510330788586697
 -0.62698431523631593 -0.18811381756368573
 -0.68100128850111141 -0.23683323346404864
 -0.71713479922043344 -0.28275988771674165
 -0.74964563104787296 -0.36682665054430508
 -0.78513521979223544 -0.40069989186220989
 -0.82935278634868759 -0.43314158559147131
 -0.86057530044804054 -0.49185555239692763
 -0.88302305900468903 -0.53072236006935769
 -0.93542484647663748 -0.58195902736875149
 -0.96724605104156036 -0.63828022967656806
 -0.98542896852492301 -0.68745519969459679
 -1.0190661806600254 -0.71605001631852416


