# Created by Octave 5.2.0, Thu Dec 24 22:11:01 2020 EST <guuto@guuto-Inspiron-7577>
# name: unfilteredPos
# type: matrix
# rows: 100
# columns: 2
 4.9010590490981869 1.7287156033882951
 18.915214215452551 -2.5081556681515877
 27.020970460797866 -7.4347688211034892
 52.234472623391675 -15.606681592902092
 70.545477061767983 -20.870335482296952
 68.804415218837903 -33.83416502083503
 73.907551007170198 -44.573563558415771
 96.39457640690938 -58.582984650316035
 99.605109735440749 -75.760155781331633
 103.30955791109227 -93.499421891384088
 96.299299320334356 -111.77202546621712
 97.180032087948575 -131.81380447947811
 103.78285303091646 -154.78286105014854
 79.603423630467915 -162.12531489341825
 81.695504724352475 -181.86753071465108
 57.735470959730478 -185.1602424572402
 42.673459948488109 -193.19952525707981
 29.880275420049479 -200.83942650439536
 19.538669013120238 -203.15438146209448
 -10.346559645390087 -193.15187119069509
 -20.164853653891804 -181.95554209864065
 -23.641017193901828 -179.48692247803751
 -29.767010103000356 -172.50419242705652
 -52.339134021540858 -150.28306908363734
 -53.416048266885021 -138.43013580204416
 -62.856305269602267 -121.89453107409497
 -59.200006161487416 -107.49849736967806
 -55.34147142814998 -91.579430984053118
 -52.961393589206743 -74.240656355102288
 -45.372429619765377 -59.105034853633754
 -37.950431303785457 -43.158821346842615
 -24.00554115486571 -27.152127273294184
 -10.015976174175188 -14.997103251174337
 8.1073700139712734 -2.7284441154900065
 27.841650091183496 7.7934212024659786
 44.736311375241797 14.21064867772688
 63.123523589492542 19.853817385819909
 83.259129828798692 24.91577822413781
 98.395473585624558 20.682709780585455
 126.92726463990468 16.16609713914437
 152.47630238198954 12.017086665747343
 154.52933585839506 6.3492887609919535
 187.43454287564549 -8.9111474650179048
 178.71409850354263 -20.497906563974311
 192.23981407159059 -35.999397602630324
 195.9054300958305 -54.44985793868068
 228.1678400000641 -72.834580994551658
 228.37691289664755 -96.967244507777167
 217.75415544043275 -122.67022064068183
 209.37007134175647 -133.69219341741672
 222.1061227374187 -161.11399376601486
 226.21348167611055 -184.05841106531096
 193.74692383937088 -193.88685282531213
 186.35387012546531 -213.0249026741003
 159.33790347580791 -216.90328628603919
 143.66642418664273 -229.21481526293564
 151.84985797848691 -256.20145162359739
 114.39674673841506 -252.43024197122179
 106.66367708820187 -266.87529962856723
 80.971136584151964 -271.62821753761989
 58.346061606821415 -266.43925483240702
 37.253029278973941 -265.88248526001587
 -0.52875768823304348 -245.49631531926445
 -5.7461211521727735 -244.79485066811691
 -22.919969423951944 -231.3555545596879
 -30.447202677926107 -227.6172078416007
 -40.555799695340021 -206.6197013560124
 -51.7191645271295 -189.67997856574863
 -55.542029913899711 -172.3502299879176
 -65.44129324773823 -146.72401384288511
 -69.268874964814998 -121.25524943868999
 -60.671969061835775 -102.20728663869079
 -53.270181258768808 -81.838137026419645
 -44.242206314763983 -65.452924387260254
 -35.421313290327575 -52.290165186384655
 -16.062555958217597 -39.521225753763986
 -2.9842653164522499 -29.451028036580453
 13.763692619841763 -25.56805471699397
 35.889628472056273 -22.755099190486291
 56.704956560579589 -29.075348439540306
 86.858589369865044 -36.09394723936461
 96.450282102498662 -43.919625147958044
 111.25753322840522 -58.771722723827708
 112.32634114818057 -70.481390718433403
 142.81356172071568 -92.964078007358324
 145.80384855804996 -109.33218044864373
 145.00330374299133 -122.09687749063627
 154.04440864016775 -148.12573917282216
 174.43268551129282 -171.27872764996158
 151.52109094645112 -184.84414226963935
 143.95788308299274 -199.93517522083204
 165.81939656075383 -240.55399306656807
 147.30917762132174 -247.12658017536972
 117.67007314121439 -246.89981862619123
 118.91096187810582 -270.86419313015517
 117.33420513526718 -286.23956368186049
 86.454309992428122 -288.47891012645908
 82.189483510707689 -309.34907495719563
 90.895652738476159 -338.84476167162353
 65.033038054424182 -330.60617139115323


